from PIL import Image
from numpy import array
im_1 = Image.open(r"C:/Users/User/Pictures/Saved Pictures/pic/Sunflower_from_Silesia2.jpg")
ar = array(im_1)
ar

output:

array([[[ 52, 104, 188],
        [ 56, 108, 194],
        [ 53, 105, 191],
        ...,
        [ 40,  87, 177],
        [ 36,  91, 173],
        [ 37,  89, 172]],

       [[ 50, 105, 188],
        [ 53, 105, 191],
        [ 56, 108, 194],
        ...,
        [ 41,  89, 174],
        [ 37,  89, 172],
        [ 38,  91, 171]],

       [[ 51, 106, 189],
        [ 51, 103, 189],
        [ 52, 103, 192],
        ...,
        [ 40,  88, 173],
        [ 38,  89, 170],
        [ 38,  89, 170]],

       ...,

       [[ 49,  94, 179],
        [ 50,  94, 181],
        [ 48,  94, 180],
        ...,
        [ 35,  81, 169],
        [ 35,  80, 171],
        [ 35,  80, 171]],

       [[ 48,  94, 182],
        [ 47,  93, 181],
        [ 50,  96, 182],
        ...,
        [ 35,  81, 167],
        [ 37,  81, 170],
        [ 36,  80, 169]],

       [[ 51,  97, 183],
        [ 48,  94, 180],
        [ 49,  95, 181],
        ...,
        [ 37,  81, 168],
        [ 40,  81, 171],
        [ 39,  80, 170]]], dtype=uint8)
